-0.0067999 0.0198585 -1.36931e-07 0.00116358
-0.0065999 0.0225976 -1.32877e-07 0.00117007
-0.00639991 0.0244236 -1.28825e-07 0.00117484
-0.00619992 0.0262497 -1.24774e-07 0.00117996
-0.00599993 0.0328692 -1.20725e-07 0.00120136
-0.00579993 0.0509016 -1.16677e-07 0.00128064
-0.00559994 0.0664232 -1.12631e-07 0.00137012
-0.00539995 0.0789774 -1.08587e-07 0.0014543
-0.00519995 0.0739557 -1.04544e-07 0.0014195
-0.00499996 0.0572929 -1.00503e-07 0.00131533
-0.00479996 0.0376626 -9.64632e-08 0.00121955
-0.00459997 0.0383474 -9.24253e-08 0.00122233
-0.00439997 0.0846839 -8.83891e-08 0.00149554
-0.00419998 0.17827 -8.43545e-08 0.00233282
-0.00399998 0.275508 -8.03214e-08 0.00334507
-0.00379998 0.351746 -7.62901e-08 0.00417353
-0.00359998 0.362703 -7.22603e-08 0.00429395
-0.00339999 0.292856 -6.82321e-08 0.00353182
-0.00319999 0.168455 -6.42056e-08 0.0022358
-0.00299999 0.0623145 -6.01807e-08 0.00134475
-0.00279999 0.0381192 -5.61574e-08 0.0012214
-0.00259999 0.140607 -5.21357e-08 0.0019692
-0.0024 0.36179 -4.81156e-08 0.0042839
-0.0022 0.60945 -4.40971e-08 0.00704861
-0.002 0.735677 -4.00802e-08 0.00847343
-0.0018 0.730655 -3.6065e-08 0.00841665
-0.0016 0.565853 -3.20513e-08 0.0065581
-0.0014 0.317964 -2.80393e-08 0.00380413
-0.0012 0.107281 -2.40289e-08 0.00167382
-0.001 0.0518147 -2.00201e-08 0.0012854
-0.0008 0.171879 -1.60128e-08 0.00226949
-0.0006 0.453549 -1.20072e-08 0.00530065
-0.0004 0.769459 -8.00322e-08 0.00885563
-0.0002 0.981739 -4.00081e-08 0.0112625
0.0000000000001 1 0 0.0114698
0.0002 0.826524 3.99921e-08 0.00950184
0.0004 0.523625 7.99682e-09 0.00608409
0.0006 0.317507 1.19928e-08 0.00379916
0.0008 0.0714449 1.59872e-08 0.00140265
0.001 0.110934 1.99801e-08 0.00170455
0.0012 0.311573 2.39713e-08 0.00373462
0.0014 0.589363 2.79609e-08 0.00682249
0.0016 0.780872 3.19489e-07 0.00898481
0.0018 0.821958 3.59354e-07 0.00945012
0.002 0.698699 3.99202e-07 0.00805545
0.0022 0.476604 4.39035e-08 0.00555788
0.0024 0.238302 4.78852e-08 0.00294948
0.00259999 0.0908468 5.18653e-08 0.00154193
0.00279999 0.0712166 5.58437e-08 0.00140113
0.00299999 0.158411 5.98207e-08 0.00213803
0.00319999 0.285551 6.3796e-08 0.00345304
0.00339999 0.384844 6.77697e-08 0.00453805
0.00359998 0.407669 7.17419e-08 0.00479063
0.00379998 0.346496 7.57124e-08 0.00411593
0.00399998 0.244921 7.96814e-08 0.00301928
0.00419998 0.140835 8.36488e-08 0.00197132
0.00439997 0.067108 8.76147e-08 0.00137446
0.00459997 0.0394887 9.15789e-08 0.00122705
0.00479996 0.0488473 9.55416e-08 0.00127017
0.00499996 0.0714449 9.95027e-08 0.00140265
0.00519995 0.0865099 1.03462e-07 0.0015091
0.00539995 0.0853686 1.0742e-07 0.00150061
0.00559994 0.0707601 1.11377e-07 0.00139812
0.00579993 0.0497603 1.15331e-07 0.00127478
0.00599993 0.0317279 1.19285e-07 0.00119736
0.00619992 0.0207715 1.23236e-07 0.00116565
0.00639991 0.0155216 1.27186e-07 0.00115496
0.0065999 0.0125542 1.31135e-07 0.00115025
0.0067999 0.00867382 1.35082e-07 0.00114558
0.00699989 0.00479343 1.39027e-07 0.0011426
0.00719988 0.00205433 1.42971e-07 0.00114153
