0.0	0.096	0.005	0.005
0.1	0.108	0.005	0.005
0.2	0.116	0.005	0.005
0.3	0.124	0.005	0.005
0.4	0.153	0.005	0.005
0.5	0.232	0.005	0.005
0.6	0.300	0.005	0.005
0.7	0.355	0.005	0.005
0.8	0.333	0.005	0.005
0.9	0.260	0.005	0.005
1.0	0.174	0.005	0.005
1.1	0.177	0.005	0.005
1.2	0.380	0.005	0.005
1.3	0.790	0.005	0.005
1.4	1.216	0.005	0.005
1.5	1.550	0.005	0.005
1.6	1.598	0.005	0.005
1.7	1.292	0.005	0.005
1.8	0.747	0.005	0.005
1.9	0.282	0.005	0.005
2.0	0.176	0.005	0.005
2.1	0.625	0.005	0.005
2.2	1.594	0.005	0.005
2.3	2.679	0.005	0.005
2.4	3.232	0.005	0.005
2.5	3.210	0.005	0.005
2.6	2.488	0.005	0.005
2.7	1.402	0.005	0.005
2.8	0.479	0.005	0.005
2.9	0.236	0.005	0.005
3.0	0.762	0.005	0.005
3.1	1.996	0.005	0.005
3.2	3.38	0.05	0.005
3.3	4.31	0.05	0.005
3.4	4.39	0.05	0.005
3.5	3.63	0.05	0.005
3.6	2.303	0.005	0.005
3.7	1.400	0.005	0.005
3.8	0.322	0.005	0.005
3.9	0.495	0.005	0.005
4.0	1.374	0.005	0.005
4.1	2.591	0.005	0.005
4.2	3.43	0.05	0.005
4.3	3.61	0.05	0.005
4.4	3.07	0.05	0.005
4.5	2.097	0.005	0.005
4.6	1.053	0.005	0.005
4.7	0.407	0.005	0.005
4.8	0.321	0.005	0.005
4.9	0.703	0.005	0.005
5.0	1.260	0.005	0.005
5.1	1.695	0.005	0.005
5.2	1.795	0.005	0.005
5.3	1.527	0.005	0.005
5.4	1.082	0.005	0.005
5.5	0.626	0.005	0.005
5.6	0.303	0.005	0.005
5.7	0.182	0.005	0.005
5.8	0.223	0.005	0.005
5.9	0.322	0.005	0.005
6.0	0.388	0.005	0.005
6.1	0.383	0.005	0.005
6.2	0.319	0.005	0.005
6.3	0.227	0.005	0.005
6.4	0.148	0.005	0.005
6.5	0.100	0.005	0.005
6.6	0.077	0.005	0.005
6.7	0.064	0.005	0.005
6.8	0.047	0.005	0.005
6.9	0.030	0.005	0.005
7.0	0.018	0.005	0.005
