0.0	.005	16	12	13	13.67	3.70
0.1	.005	16	14	18	16.00	4.00
0.2	.005	15	14	13	14.00	3.74
0.3	.005	14	11	12	12.33	3.51
0.4	.005	12	11	15	12.67	3.56
0.5	.005	17	22	16	18.33	4.28
0.6	.005	19	18	15	17.33	4.16
0.7	.005	15	10	11	12.00	3.46
0.8	.005	10	6	10	8.67	2.94
0.9	.005	14	11	12	12.33	3.51
1.0	.005	20	18	18	18.67	4.32
1.1	.005	18	21	27	22.00	4.69
1.2	.005	17	20	20	19.00	4.36
1.3	.005	17	21	19	19.00	4.36
1.4	.005	25	28	25	26.00	5.10
1.5	.005	33	28	39	33.33	5.77
1.6	.005	22	27	23	24.00	4.90
1.7	.005	34	32	39	35.00	5.92
1.8	.005	29	36	27	30.67	5.54
1.9	.005	33	31	29	31.00	5.57
2.0	.005	36	49	35	40.00	6.32
2.1	.005	51	50	44	48.33	6.95
2.2	.005	87	66	84	79.00	8.89
2.3	.005	74	80	80	78.00	8.83
2.4	.005	87	76	78	80.33	8.96
2.5	.005	49	59	55	54.33	7.37
2.6	.005	26	35	36	32.33	5.69
2.7	.005	30	22	36	29.33	5.42
2.8	.005	43	67	60	56.67	7.53
2.9	.005	102	116	106	108.00	10.39
3.0	.005	136	134	129	133.00	11.53
3.1	.005	145	147	150	147.33	12.14
3.2	.005	98	93	109	100.00	10.00
3.3	.005	72	61	63	65.33	8.08
3.4	.005	39	36	33	36.00	6.00
3.5	.005	39	36	33	36.00	6.27
3.6	.005	63	70	74	69.00	8.31
3.7	.005	137	149	141	142.33	11.93
3.8	.005	188	180	141	169.67	13.03
3.9	.005	151	151	158	153.33	12.38
4.0	.005	104	105	101	103.33	10.17
4.1	.005	52	61	56	56.33	7.51
4.2	.005	24	28	27	26.33	5.13
4.3	.005	36	31	39	35.33	5.94
4.4	.005	83	72	68	74.33	8.62
4.5	.005	117	102	100	106.33	10.31
4.6	.005	129	102	110	113.67	10.66
4.7	.005	106	93	97	98.67	9.93
4.8	.005	52	74	61	62.33	7.90
4.9	.005	32	38	37	35.67	5.97
5.0	.005	18	20	22	20.00	4.47
5.1	.005	37	29	30	32.00	5.66
5.2	.005	60	47	50	52.33	7.23
5.3	.005	62	50	59	57.00	7.55
5.4	.005	65	60	49	58.00	7.62
5.5	.005	44	47	47	46.00	6.78
5.6	.005	35	27	36	32.67	5.72
5.7	.005	18	20	21	19.67	4.43
5.8	.005	18	16	16	16.67	4.08
5.9	.005	22	29	19	23.33	4.83
6.0	.005	20	23	24	22.33	4.73
