-0.00759985 -1.53164e-07 13.67 3.70
-0.00739986 -1.49104e-07 16.00 4.00
-0.00719988 -1.45045e-07 14.00 3.74
-0.00699989 -1.40987e-07 12.33 3.51
-0.0067999 -1.36931e-07 12.67 3.56
-0.0065999 -1.32877e-07 18.33 4.28
-0.00639991 -1.28825e-07 17.33 4.16
-0.00619992 -1.24774e-07 12.00 3.46
-0.00599993 -1.20725e-07 8.67 2.94
-0.00579993 -1.16677e-07 12.33 3.51
-0.00559994 -1.12631e-07 18.67 4.32
-0.00539995 -1.08587e-07 22.00 4.69
-0.00519995 -1.04544e-07 19.00 4.36
-0.00499996 -1.00503e-07 19.00 4.36
-0.00479996 -9.64632e-08 26.00 5.10
-0.00459997 -9.24253e-08 33.33 5.77
-0.00439997 -8.83891e-08 24.00 4.90
-0.00419998 -8.43545e-08 35.00 5.92
-0.00399998 -8.03214e-08 30.67 5.54
-0.00379998 -7.62901e-08 31.00 5.57
-0.00359998 -7.22603e-08 40.00 6.32
-0.00339999 -6.82321e-08 48.33 6.95
-0.00319999 -6.42056e-08 79.00 8.89
-0.00299999 -6.01807e-08 78.00 8.83
-0.00279999 -5.61574e-08 80.33 8.96
-0.00259999 -5.21357e-08 54.33 7.37
-0.0024 -4.81156e-08 32.33 5.69
-0.0022 -4.40971e-08 29.33 5.42
-0.002 -4.00802e-08 56.67 7.53
-0.0018 -3.6065e-08 108.00 10.39
-0.0016 -3.20513e-08 133.00 11.53
-0.0014 -2.80393e-08 147.33 12.14
-0.0012 -2.40289e-08 100.00 10.00
-0.001 -2.00201e-08 65.33 8.08
-0.0008 -1.60128e-08 36.00 6.00
-0.0006 -1.20072e-08 36.00 6.27
-0.0004 -8.00322e-09 69.00 8.31
-0.0002 -4.00081e-09 142.33 11.93
0.000000001 0.00000000000000001 169.67 13.03
0.0002 3.99921e-09 153.33 12.38
0.0004 7.99682e-09 103.33 10.17
0.0006 1.19928e-08 56.33 7.51
0.0008 1.59872e-08 26.33 5.13
0.001 1.99801e-08 35.33 5.94
0.0012 2.39713e-08 74.33 8.62
0.0014 2.79609e-08 106.33 10.31
0.0016 3.19489e-08 113.67 10.66
0.0018 3.59354e-08 98.67 9.93
0.002 3.99202e-08 62.33 7.90
0.0022 4.39035e-08 35.67 5.97
0.0024 4.78852e-08 20.00 4.47
0.00259999 5.18653e-08 32.00 5.66
0.00279999 5.58437e-08 52.33 7.23
0.00299999 5.98207e-08 57.00 7.55
0.00319999 6.3796e-08 58.00 7.62
0.00339999 6.77697e-08 46.00 6.78
0.00359998 7.17419e-08 32.67 5.72
0.00379998 7.57124e-08 19.67 4.43
0.00399998 7.96814e-08 16.67 4.08
0.00419998 8.36488e-08 23.33 4.83
0.00439997 8.76147e-08 22.33 4.73
