-0.00549994 0.0896722 -1.10609e-07 0.00310455
-0.00499996 0.155844 -1.00503e-07 0.00312947
-0.00449997 0.238714 -9.0407e-08 0.00317903
-0.00399998 0.338899 -8.03214e-08 0.00326489
-0.00349999 0.468769 -7.0246e-08 0.00341503
-0.00299999 0.619666 -6.01807e-08 0.00363769
-0.00249999 0.735931 -5.01254e-08 0.00383924
-0.002 0.810761 -4.00802e-08 0.00398075
-0.0015 0.863946 -3.00451e-08 0.00408632
-0.001 0.923933 -2.00201e-08 0.00420992
-0.0005 0.989487 -1.0005e-08 0.00435003
0.00000000000001 1 0 0.00437295
0.0005 0.94867 9.99502e-09 0.0042622
0.001 0.873222 1.99801e-08 0.00410513
0.0015 0.800247 2.99551e-08 0.00396036
0.002 0.697588 3.99202e-08 0.00377017
0.00249999 0.571429 4.98754e-08 0.00356138
0.00299999 0.435993 5.98207e-08 0.00337326
0.00349999 0.316636 6.9756e-08 0.00324345
0.00399998 0.220779 7.96814e-08 0.00316661
0.00449997 0.145949 8.9597e-08 0.00312491
0.00499996 0.0803958 9.95027e-08 0.00310212
0.00549994 0.0333952 1.09399e-07 0.00309387
0.00599993 0.00680272 1.19285e-07 0.00309222
0.00649991 0 1.29161e-07 0.00309215
0.00699989 0.000618429 1.39027e-07 0.00309215
0.00749986 0.00742115 1.48884e-07 0.00309223
0.00799983 0.0185529 1.5873e-07 0.00309268
0.0084998 0.0309215 1.68568e-07 0.00309362
0.00899976 0.0395795 1.78395e-07 0.00309457
0.00949971 0.038961 1.88212e-07 0.00309449
0.00999967 0.0191713 1.9802e-07 0.00309271
0.0104996 0.004329 2.07818e-07 0.00309217
0.0109996 0.000618429 2.17607e-07 0.00309215
0.0114995 0.004329 2.27386e-07 0.00309217
0.0119994 0.0185529 2.37155e-07 0.00309268
