0.00	0.154	0.005	0.005
0.25	0.261	0.005	0.005
0.50	0.395	0.005	0.005
0.75	0.557	0.005	0.005
1.00	0.767	0.005	0.005
1.25	1.011	0.005	0.005
1.50	1.199	0.005	0.005
1.75	1.320	0.005	0.005
2.00	1.406	0.005	0.005
2.25	1.503	0.005	0.005
2.50	1.609	0.005	0.005
2.75	1.626	0.005	0.005
3.00	1.543	0.005	0.005
3.25	1.421	0.005	0.005
3.50	1.303	0.005	0.005
3.75	1.137	0.005	0.005
4.00	0.933	0.005	0.005
4.25	0.714	0.005	0.005
4.50	0.521	0.005	0.005
4.75	0.366	0.005	0.005
5.00	0.245	0.005	0.005
5.25	0.139	0.005	0.005
5.50	0.063	0.005	0.005
5.75	0.020	0.005	0.005
6.00	0.009	0.005	0.005
6.25	0.010	0.005	0.005
6.50	0.021	0.005	0.005
6.75	0.039	0.005	0.005
7.00	0.059	0.005	0.005
7.25	0.073	0.005	0.005
7.50	0.072	0.005	0.005
7.75	0.040	0.005	0.005
8.00	0.016	0.005	0.005
8.25	0.010	0.005	0.005
8.50	0.016	0.005	0.005
8.75	0.039	0.005	0.005
