1.00	.005	21	22	14	19.00	4.36
1.25	.005	24	18	15	19.00	4.36
1.50	.005	31	35	24	30.00	5.48
1.75	.005	30	28	33	30.33	5.51
2.00	.005	45	40	39	41.33	6.43
2.25	.005	51	42	46	46.33	6.81
2.50	.005	44	58	49	50.33	7.09
2.75	.005	54	49	48	50.33	7.09
3.00	.005	56	57	60	57.67	7.59
3.25	.005	50	60	65	58.33	7.64
3.50	.005	61	43	51	51.67	7.19
3.75	.005	45	57	56	52.67	7.26
4.00	.005	57	45	55	52.33	7.23
4.25	.005	47	37	36	40.00	6.32
4.50	.005	32	41	42	38.33	6.19
4.75	.005	29	19	19	22.33	4.73
5.00	.005	24	25	22	23.67	4.86
