-0.00449997 -9.0407e-08 19.00 4.36
-0.00399998 -8.03214e-08 19.00 4.36
-0.00349999 -7.0246e-08 30.00 5.48
-0.00299999 -6.01807e-08 30.33 5.51
-0.00249999 -5.01254e-08 41.33 6.43
-0.002 -4.00802e-08 46.33 6.81
-0.0015 -3.00451e-08 50.33 7.09
-0.001 -2.00201e-08 50.33 7.09
-0.0005 -1.0005e-08 57.67 7.59
0.0000000001 0 58.33 7.64
0.0005 9.99502e-09 51.67 7.19
0.001 1.99801e-08 52.67 7.26
0.0015 2.99551e-08 52.33 7.23
0.002 3.99202e-08 40.00 6.32
0.00249999 4.98754e-08 38.33 6.19
0.00299999 5.98207e-08 22.33 4.73
0.00349999 6.9756e-08 23.67 4.86
