-0.00699989 0.00133245 -1.40987e-07 0.00333112
-0.00649991 0.0139907 -1.30851e-07 0.00333144
-0.00599993 0.0433045 -1.20725e-07 0.00333423
-0.00549994 0.0939374 -1.10609e-07 0.00334578
-0.00499996 0.163225 -1.00503e-07 0.0033752
-0.00449997 0.252498 -9.0407e-08 0.00343566
-0.00399998 0.355097 -8.03214e-08 0.0035349
-0.00349999 0.458361 -7.0246e-08 0.00366437
-0.00299999 0.563624 -6.01807e-08 0.00382378
-0.00249999 0.664224 -5.01254e-08 0.00399899
-0.002 0.770153 -4.00802e-08 0.00420451
-0.0015 0.873418 -3.00451e-08 0.00442281
-0.001 0.94537 -2.00201e-08 0.00458403
-0.0005 0.986676 -1.0005e-08 0.00467962
0.00000000000001 1 0 0.0047109
0.0005 0.97002 9.99502e-09 0.00464083
0.001 0.911392 1.99801e-08 0.00450703
0.0015 0.836109 2.99551e-08 0.00434206
0.002 0.744171 3.99202e-08 0.00415227
0.00249999 0.633578 4.98754e-08 0.00394342
0.00299999 0.516322 5.98207e-08 0.00374893
0.00349999 0.403065 6.9756e-08 0.00359152
0.00399998 0.297801 7.96814e-08 0.00347569
0.00449997 0.20453 8.9597e-08 0.00340007
0.00499996 0.127249 9.95027e-08 0.00335797
0.00549994 0.0712858 1.09399e-07 0.00333957
0.00599993 0.0313125 1.19285e-07 0.00333275
0.00649991 0.00799467 1.29161e-07 0.00333122
0.00699989 0.000666223 1.39027e-07 0.00333111
0.00749986 0.0619587 1.48884e-07 0.0033375
0.00799983 0.0106596 1.5873e-07 0.0033313
0.0084998 0.0133245 1.68568e-07 0.00333141
0.00899976 0.00732845 1.78395e-07 0.0033312
0.00949971 0.00133245 1.88212e-07 0.00333112
0.00999967 0 1.9802e-07 0.00333111
