0.00	0.011	0.005	0.005
0.25	0.030	0.005	0.005
0.50	0.074	0.005	0.005
0.75	0.150	0.005	0.005
1.00	0.254	0.005	0.005
1.25	0.388	0.005	0.005
1.50	0.542	0.005	0.005
1.75	0.697	0.005	0.005
2.00	0.855	0.005	0.005
2.25	1.006	0.005	0.005
2.50	1.165	0.005	0.005
2.75	1.320	0.005	0.005
3.00	1.428	0.005	0.005
3.25	1.490	0.005	0.005
3.50	1.510	0.005	0.005
3.75	1.465	0.005	0.005
4.00	1.377	0.005	0.005
4.25	1.264	0.005	0.005
4.50	1.126	0.005	0.005
4.75	0.960	0.005	0.005
5.00	0.784	0.005	0.005
5.25	0.614	0.005	0.005
5.50	0.456	0.005	0.005
5.75	0.316	0.005	0.005
6.00	0.200	0.005	0.005
6.25	0.116	0.005	0.005
6.50	0.056	0.005	0.005
6.75	0.021	0.005	0.005
7.00	0.010	0.005	0.005
7.25	0.102	0.005	0.005
7.50	0.025	0.005	0.005
7.75	0.029	0.005	0.005
8.00	0.020	0.005	0.005
8.25	0.011	0.005	0.005
8.50	0.009	0.005	0.005
