-0.00449997 -9.0407e-08 17.33 4.16
-0.00399998 -8.03214e-08 20.00 4.47
-0.00349999 -7.0246e-08 29.67 5.45
-0.00299999 -6.01807e-08 36.00 6.00
-0.00249999 -5.01254e-08 33.67 5.80
-0.002 -4.00802e-08 41.33 6.43
-0.0015 -3.00451e-08 47.67 6.90
-0.001 -2.00201e-08 46.00 6.78
-0.0005 -1.0005e-08 53.67 7.33
0.0000000001 0 57.00 7.55
0.0005 9.99502e-09 52.00 7.21
0.001 1.99801e-08 47.00 6.86
0.0015 2.99551e-08 38.67 6.22
0.002 3.99202e-08 27.33 5.23
0.00249999 4.98754e-08 26.67 5.16
0.00299999 5.98207e-08 27.33 5.23
0.00349999 6.9756e-08 14.67 3.83
-0.0084998 0  
