2.00	.005	13	17	22	17.33	4.16
2.25	.005	22	22	16	20.00	4.47
2.50	.005	33	25	31	29.67	5.45
2.75	.005	33	37	38	36.00	6.00
3.00	.005	35	38	28	33.67	5.80
3.25	.005	42	38	44	41.33	6.43
3.50	.005	55	43	45	47.67	6.90
3.75	.005	39	48	51	46.00	6.78
4.00	.005	49	63	49	53.67	7.33
4.25	.005	55	64	52	57.00	7.55
4.50	.005	56	60	40	52.00	7.21
4.75	.005	45	44	52	47.00	6.86
5.00	.005	36	38	42	38.67	6.22
5.25	.005	26	26	30	27.33	5.23
5.50	.005	28	27	25	26.67	5.16
5.75	.005	29	28	25	27.33	5.23
6.00	.005	15	16	13	14.67	3.83

